# dimension:  2
# structure:  cubic
# how many levels of k are coupled?  12
# how many lowest eigenvals are calcualted?  8
# loopOrRect:  L
# how many k-points are given in unit-length scale?  60
0  0  0  1.24302  2.53957  2.53957  2.91468  2.91468  3.83612  4.21122  4.21122  
0.00976311  0.0166667  0  1.2431  2.53762  2.53965  2.91475  2.91736  3.83416  4.20927  4.21391  
0.0195262  0.0333333  0  1.24333  2.53192  2.53988  2.91499  2.92526  3.82847  4.20358  4.2218  
0.0292893  0.05  0  1.24372  2.52294  2.54027  2.91537  2.93791  3.81949  4.1946  4.23446  
0.0390524  0.0666667  0  1.24425  2.51127  2.5408  2.91591  2.95472  3.80782  4.18293  4.25127  
0.0488155  0.0833333  0  1.24494  2.49755  2.54148  2.91659  2.97506  3.7941  4.16921  4.27161  
0.0585786  0.1  0  1.24576  2.48235  2.5423  2.91741  2.99837  3.7789  4.154  4.29491  
0.0683418  0.116667  0  1.24671  2.46616  2.54326  2.91836  3.02415  3.76271  4.13781  4.3207  
0.0781049  0.133333  0  1.24778  2.44937  2.54433  2.91944  3.05202  3.74592  4.12103  4.34857  
0.087868  0.15  0  1.24897  2.4323  2.54552  2.92063  3.08169  3.72885  4.10396  4.37824  
0.0976311  0.166667  0  1.25027  2.41519  2.54681  2.92192  3.11291  3.71174  4.08684  4.40946  
0.107394  0.183333  0  1.25165  2.39823  2.54819  2.9233  3.14551  3.69478  4.06988  4.44206  
0.117157  0.2  0  1.25311  2.38158  2.54965  2.92476  3.17934  3.67812  4.05323  4.47589  
0.12692  0.216667  0  1.25463  2.36536  2.55118  2.92628  3.21429  3.6619  4.03701  4.51084  
0.136684  0.233333  0  1.2562  2.34967  2.55274  2.92785  3.25027  3.64622  4.02133  4.54682  
0.146447  0.25  0  1.2578  2.33461  2.55434  2.92945  3.28722  3.63115  4.00626  4.58377  
0.15621  0.266667  0  1.25941  2.32023  2.55596  2.93107  3.32507  3.61678  3.99189  4.62161  
0.165973  0.283333  0  1.26102  2.30661  2.55757  2.93267  3.36377  3.60316  3.97827  4.61578  
0.175736  0.3  0  1.26261  2.2938  2.55915  2.93426  3.40329  3.59035  3.96545  4.55993  
0.185499  0.316667  0  1.26415  2.28184  2.5607  2.93581  3.4436  3.57839  3.9535  4.50468  
0.195262  0.333333  0  1.26564  2.27079  2.56219  2.9373  3.48466  3.56734  3.94245  4.45004  
0.205025  0.35  0  1.26706  2.26067  2.5636  2.93871  3.52644  3.55722  3.93233  4.39602  
0.214788  0.366667  0  1.26838  2.25153  2.56492  2.94003  3.54808  3.56893  3.92318  4.34262  
0.224551  0.383333  0  1.26958  2.24339  2.56613  2.94124  3.53994  3.61209  3.91504  4.28986  
0.234315  0.4  0  1.27067  2.23628  2.56721  2.94232  3.53282  3.6559  3.90793  4.23775  
0.244078  0.416667  0  1.27161  2.23022  2.56816  2.94326  3.52677  3.70031  3.90187  4.18633  
0.253841  0.433333  0  1.2724  2.22523  2.56894  2.94405  3.52178  3.74525  3.89689  4.13566  
0.263604  0.45  0  1.27302  2.22134  2.56957  2.94468  3.51789  3.79059  3.893  4.08588  
0.273367  0.466667  0  1.27348  2.21855  2.57002  2.94513  3.5151  3.83591  3.8902  4.03739  
0.28313  0.483333  0  1.27375  2.21687  2.5703  2.94541  3.51342  3.87952  3.88853  3.99187  
0.292893  0.5  0  1.27384  2.21631  2.57039  2.9455  3.51286  3.88797  3.90667  3.96409  
0.302656  0.5  0.0166667  1.27392  2.21639  2.56844  2.94818  3.5109  3.89065  3.90675  3.96417  
0.312419  0.5  0.0333333  1.27415  2.21662  2.56274  2.95608  3.50521  3.89855  3.90698  3.9644  
0.322183  0.5  0.05  1.27454  2.21701  2.55376  2.96873  3.49623  3.90736  3.9112  3.96479  
0.331946  0.5  0.0666667  1.27507  2.21754  2.54209  2.98554  3.48456  3.9079  3.92801  3.96532  
0.341709  0.5  0.0833333  1.27576  2.21822  2.52837  3.00588  3.47084  3.90858  3.94835  3.96601  
0.351472  0.5  0.1  1.27658  2.21905  2.51317  3.02919  3.45564  3.9094  3.96683  3.97166  
0.361235  0.5  0.116667  1.27753  2.22  2.49698  3.05497  3.43945  3.91035  3.96778  3.99744  
0.370998  0.5  0.133333  1.2786  2.22107  2.48019  3.08284  3.42266  3.91143  3.96885  4.02531  
0.380761  0.5  0.15  1.27979  2.22226  2.46312  3.11251  3.40559  3.91262  3.97004  4.05498  
0.390524  0.5  0.166667  1.28109  2.22355  2.44601  3.14373  3.38848  3.91391  3.97134  4.0862  
0.400287  0.5  0.183333  1.28247  2.22494  2.42905  3.17633  3.37152  3.91529  3.97272  4.1188  
0.410051  0.5  0.2  1.28393  2.2264  2.4124  3.21016  3.35487  3.91675  3.97418  4.15263  
0.419814  0.5  0.216667  1.28545  2.22792  2.39618  3.24511  3.33865  3.91827  3.9757  4.18758  
0.429577  0.5  0.233333  1.28702  2.22949  2.38049  3.28109  3.32296  3.91984  3.97727  4.22356  
0.43934  0.5  0.25  1.28862  2.23109  2.36543  3.30789  3.31804  3.92144  3.97887  4.26051  
0.449103  0.5  0.266667  1.29023  2.2327  2.35105  3.29352  3.35589  3.92306  3.98048  4.29836  
0.458866  0.5  0.283333  1.29184  2.23431  2.33743  3.2799  3.39459  3.92467  3.98209  4.33706  
0.468629  0.5  0.3  1.29343  2.2359  2.32462  3.26709  3.43411  3.92625  3.98368  4.37658  
0.478392  0.5  0.316667  1.29497  2.23744  2.31266  3.25513  3.47442  3.9278  3.98522  4.41689  
0.488155  0.5  0.333333  1.29646  2.23893  2.30161  3.24408  3.51548  3.92929  3.98671  4.45795  
0.497918  0.5  0.35  1.29788  2.24035  2.29149  3.23396  3.55726  3.9307  3.98813  4.42684  
0.507682  0.5  0.366667  1.2992  2.24167  2.28235  3.22482  3.59975  3.93202  3.98945  4.37344  
0.517445  0.5  0.383333  1.3004  2.24287  2.27421  3.21668  3.64291  3.93323  3.99065  4.32068  
0.527208  0.5  0.4  1.30149  2.24396  2.2671  3.20957  3.68672  3.93431  3.99174  4.26857  
0.536971  0.5  0.416667  1.30243  2.2449  2.26104  3.20351  3.73113  3.93525  3.99268  4.21715  
0.546734  0.5  0.433333  1.30322  2.24569  2.25605  3.19852  3.77607  3.93604  3.99347  4.16648  
0.556497  0.5  0.45  1.30384  2.24631  2.25216  3.19463  3.82141  3.93667  3.99409  4.1167  
0.56626  0.5  0.466667  1.3043  2.24676  2.24937  3.19184  3.86673  3.93712  3.99455  4.06821  
0.576023  0.5  0.483333  1.30457  2.24704  2.24769  3.19016  3.91034  3.9374  3.99482  4.02269  
0.585786  0.5  0.5  1.30466  2.24713  2.24713  3.1896  3.93749  3.93749  3.99491  3.99491  
0.595889  0.487805  0.487805  1.30456  2.24738  2.24738  3.1902  3.92079  3.92079  4.01185  4.01185  
0.605992  0.47561  0.47561  1.30427  2.24813  2.24813  3.192  3.89041  3.89041  4.04295  4.04295  
0.616095  0.463415  0.463415  1.30378  2.24939  2.24939  3.19499  3.85748  3.85748  4.07709  4.07709  
0.626198  0.45122  0.45122  1.3031  2.25114  2.25114  3.19917  3.82395  3.82395  4.11232  4.11232  
0.6363  0.439024  0.439024  1.30224  2.25339  2.25339  3.20454  3.79031  3.79031  4.14816  4.14816  
0.646403  0.426829  0.426829  1.3012  2.25614  2.25614  3.21108  3.75675  3.75675  4.18443  4.18443  
0.656506  0.414634  0.414634  1.29998  2.25938  2.25938  3.21878  3.72335  3.72335  4.22104  4.22104  
0.666609  0.402439  0.402439  1.29861  2.26312  2.26312  3.22763  3.69016  3.69016  4.25797  4.25797  
0.676711  0.390244  0.390244  1.29708  2.26734  2.26734  3.2376  3.65721  3.65721  4.2952  4.2952  
0.686814  0.378049  0.378049  1.29541  2.27205  2.27205  3.2487  3.62453  3.62453  4.33271  4.33271  
0.696917  0.365854  0.365854  1.29361  2.27724  2.27724  3.26088  3.59213  3.59213  4.3705  4.3705  
0.70702  0.353659  0.353659  1.29169  2.28292  2.28292  3.27414  3.56004  3.56004  4.40858  4.40858  
0.717122  0.341463  0.341463  1.28967  2.28906  2.28906  3.28845  3.52827  3.52827  4.44694  4.44694  
0.727225  0.329268  0.329268  1.28755  2.29567  2.29567  3.30378  3.49684  3.49684  4.48558  4.48558  
0.737328  0.317073  0.317073  1.28536  2.30273  2.30273  3.32011  3.46576  3.46576  4.48313  4.48313  
0.747431  0.304878  0.304878  1.28311  2.31025  2.31025  3.3374  3.43505  3.43505  4.4622  4.4622  
0.757534  0.292683  0.292683  1.28081  2.31821  2.31821  3.35562  3.40474  3.40474  4.44214  4.44214  
0.767636  0.280488  0.280488  1.27847  2.3266  2.3266  3.37474  3.37483  3.37483  4.42296  4.42296  
0.777739  0.268293  0.268293  1.27611  2.33541  2.33541  3.34535  3.34535  3.39471  4.40465  4.40465  
0.787842  0.256098  0.256098  1.27375  2.34463  2.34463  3.31633  3.31633  3.4155  4.3872  4.3872  
0.797945  0.243902  0.243902  1.2714  2.35423  2.35423  3.28778  3.28778  3.43706  4.37061  4.37061  
0.808047  0.231707  0.231707  1.26906  2.3642  2.3642  3.25974  3.25974  3.45933  4.35487  4.35487  
0.81815  0.219512  0.219512  1.26676  2.37451  2.37451  3.23223  3.23223  3.48226  4.33998  4.33998  
0.828253  0.207317  0.207317  1.26451  2.38514  2.38514  3.2053  3.2053  3.50577  4.32593  4.32593  
0.838356  0.195122  0.195122  1.26232  2.39606  2.39606  3.17897  3.17897  3.5298  4.31271  4.31271  
0.848458  0.182927  0.182927  1.2602  2.40723  2.40723  3.15329  3.15329  3.55426  4.30032  4.30032  
0.858561  0.170732  0.170732  1.25817  2.4186  2.4186  3.12832  3.12832  3.57904  4.28875  4.28875  
0.868664  0.158537  0.158537  1.25622  2.43013  2.43013  3.1041  3.1041  3.60403  4.27801  4.27801  
0.878767  0.146341  0.146341  1.25438  2.44174  2.44174  3.08072  3.08072  3.6291  4.26807  4.26807  
0.88887  0.134146  0.134146  1.25266  2.45336  2.45336  3.05825  3.05825  3.65407  4.25895  4.25895  
0.898972  0.121951  0.121951  1.25105  2.4649  2.4649  3.03679  3.03679  3.67875  4.25064  4.25064  
0.909075  0.109756  0.109756  1.24957  2.47624  2.47624  3.01646  3.01646  3.70291  4.24313  4.24313  
0.919178  0.097561  0.097561  1.24823  2.48725  2.48725  2.9974  2.9974  3.72627  4.23642  4.23642  
0.929281  0.0853659  0.0853659  1.24704  2.49777  2.49777  2.97977  2.97977  3.74851  4.2305  4.2305  
0.939383  0.0731707  0.0731707  1.24599  2.50761  2.50761  2.96376  2.96376  3.76923  4.22538  4.22538  
0.949486  0.0609756  0.0609756  1.24509  2.51655  2.51655  2.94959  2.94959  3.78802  4.22105  4.22105  
0.959589  0.0487805  0.0487805  1.24435  2.52436  2.52436  2.9375  2.9375  3.80437  4.21751  4.21751  
0.969692  0.0365854  0.0365854  1.24377  2.53079  2.53079  2.92774  2.92774  3.8178  4.21476  4.21476  
0.979794  0.0243902  0.0243902  1.24335  2.53559  2.53559  2.92056  2.92056  3.82782  4.2128  4.2128  
0.989897  0.0121951  0.0121951  1.2431  2.53856  2.53856  2.91616  2.91616  3.83402  4.21162  4.21162  
1  0  0  1.24302  2.53957  2.53957  2.91468  2.91468  3.83612  4.21122  4.21122  
