# dimension:  2
# structure:  hexa
# how many levels of k are coupled?  12
# how many lowest eigenvals are calcualted?  8
# loopOrRect:  L
# how many k-points are given in unit-length scale?  60
0  0  0  0.860784  1.43697  1.85447  1.85447  2.58533  2.58533  3.31903  4.12819  
0.0122008  0  0.0166667  0.860978  1.43591  1.85433  1.85567  2.58524  2.58596  3.31955  4.11561  
0.0244017  0  0.0333333  0.861561  1.43277  1.85389  1.85923  2.58498  2.58784  3.32109  4.08645  
0.0366025  0  0.05  0.862533  1.42767  1.85317  1.86501  2.58457  2.59096  3.32358  4.05092  
0.0488034  0  0.0666667  0.86389  1.42078  1.85218  1.87285  2.58403  2.59532  3.32694  4.01337  
0.0610042  0  0.0833333  0.865633  1.41231  1.85094  1.8825  2.58341  2.60089  3.33103  3.97557  
0.0732051  0  0.1  0.867757  1.40248  1.84946  1.89373  2.58275  2.60764  3.33565  3.93843  
0.0854059  0  0.116667  0.870259  1.39151  1.84777  1.90629  2.5821  2.61556  3.34055  3.90254  
0.0976068  0  0.133333  0.873136  1.37962  1.84589  1.91993  2.58153  2.62461  3.3454  3.86838  
0.109808  0  0.15  0.876381  1.36699  1.84385  1.93443  2.58111  2.63475  3.34979  3.83646  
0.122008  0  0.166667  0.87999  1.35379  1.84167  1.94956  2.5809  2.64595  3.3532  3.80734  
0.134209  0  0.183333  0.883953  1.34017  1.83939  1.96514  2.58099  2.65817  3.35505  3.77498  
0.14641  0  0.2  0.888262  1.32626  1.83704  1.98098  2.58146  2.67137  3.35467  3.73658  
0.158611  0  0.216667  0.892907  1.31217  1.83463  1.9969  2.58237  2.6855  3.35144  3.69862  
0.170812  0  0.233333  0.897874  1.29799  1.83221  2.01275  2.5838  2.70052  3.34487  3.66117  
0.183013  0  0.25  0.903146  1.28382  1.8298  2.02836  2.58581  2.71636  3.33476  3.6243  
0.195214  0  0.266667  0.908706  1.26974  1.82742  2.04359  2.58847  2.73299  3.32124  3.58805  
0.207414  0  0.283333  0.914528  1.25582  1.82511  2.0583  2.59182  2.75033  3.30476  3.5525  
0.219615  0  0.3  0.920584  1.24213  1.82287  2.07235  2.59588  2.76831  3.28596  3.5177  
0.231816  0  0.316667  0.926835  1.22875  1.82073  2.08562  2.60065  2.78685  3.26553  3.48373  
0.244017  0  0.333333  0.933236  1.21576  1.81872  2.09801  2.60609  2.80585  3.24417  3.45068  
0.256218  0  0.35  0.939728  1.20324  1.81685  2.10942  2.61215  2.82518  3.22251  3.41866  
0.268419  0  0.366667  0.946235  1.19128  1.81513  2.11976  2.61868  2.84468  3.20114  3.38784  
0.28062  0  0.383333  0.952659  1.18001  1.81358  2.12898  2.62554  2.86414  3.18059  3.35841  
0.29282  0  0.4  0.958878  1.16956  1.81221  2.13702  2.63248  2.88326  3.16136  3.33067  
0.305021  0  0.416667  0.964733  1.16011  1.81104  2.14384  2.63923  2.90164  3.14395  3.30501  
0.317222  0  0.433333  0.970031  1.15185  1.81006  2.14944  2.64546  2.91872  3.12883  3.28198  
0.329423  0  0.45  0.974543  1.14503  1.8093  2.1538  2.65082  2.93373  3.11646  3.26235  
0.341624  0  0.466667  0.978019  1.13991  1.80875  2.15691  2.65496  2.94568  3.10727  3.24709  
0.353825  0  0.483333  0.980223  1.13671  1.80842  2.15878  2.65759  2.95349  3.1016  3.2373  
0.366025  0  0.5  0.980979  1.13562  1.80831  2.1594  2.65848  2.95622  3.09969  3.23391  
0.378456  0.0169809  0.5  0.981228  1.13528  1.80794  2.16063  2.65664  2.95817  3.09808  3.23583  
0.390887  0.0339618  0.5  0.981975  1.13426  1.80685  2.16428  2.65125  2.96387  3.09353  3.2413  
0.403318  0.0509426  0.5  0.983218  1.13256  1.80512  2.17028  2.6427  2.97293  3.08668  3.2497  
0.415749  0.0679235  0.5  0.984959  1.1302  1.80285  2.17849  2.63149  2.98481  3.07826  3.26031  
0.42818  0.0849044  0.5  0.987196  1.1272  1.80016  2.18874  2.61817  2.99895  3.06889  3.27253  
0.440611  0.101885  0.5  0.989928  1.12358  1.79719  2.20084  2.6032  3.01483  3.05904  3.28591  
0.453042  0.118866  0.5  0.993153  1.11936  1.79409  2.2146  2.58698  3.03201  3.04907  3.30013  
0.465472  0.135847  0.5  0.99687  1.11457  1.79097  2.22982  2.56983  3.03923  3.05007  3.31496  
0.477903  0.152828  0.5  1.00108  1.10924  1.78795  2.24629  2.55199  3.02975  3.06868  3.33024  
0.490334  0.169809  0.5  1.00577  1.10341  1.78511  2.26383  2.53366  3.0208  3.08749  3.34586  
0.502765  0.18679  0.5  1.01096  1.09712  1.78255  2.28223  2.51496  3.01253  3.10617  3.36172  
0.515196  0.203771  0.5  1.01662  1.09042  1.7803  2.3013  2.49603  3.0051  3.1243  3.37775  
0.527627  0.220751  0.5  1.02276  1.08333  1.77843  2.32086  2.47693  2.99866  3.14139  3.39388  
0.540058  0.237732  0.5  1.02938  1.07591  1.77695  2.34071  2.45773  2.99336  3.15675  3.41007  
0.552489  0.254713  0.5  1.03648  1.06819  1.77589  2.36065  2.43847  2.98936  3.16943  3.42626  
0.564919  0.271694  0.5  1.04404  1.06023  1.77525  2.38046  2.41921  2.98683  3.17816  3.4424  
0.57735  0.288675  0.5  1.05206  1.05206  1.77504  2.39995  2.39995  2.98594  3.1814  3.45846  
0.590158  0.279927  0.484848  1.04348  1.06081  1.77526  2.38014  2.41945  2.98694  3.17758  3.44618  
0.602965  0.27118  0.469697  1.03477  1.07004  1.77591  2.36037  2.43813  2.99008  3.16603  3.44245  
0.615773  0.262432  0.454545  1.02598  1.07974  1.77698  2.34066  2.45578  2.99553  3.14763  3.44643  
0.628581  0.253684  0.439394  1.01714  1.0899  1.77843  2.321  2.4722  3.00345  3.12409  3.45646  
0.641388  0.244936  0.424242  1.00831  1.10052  1.78025  2.3014  2.48723  3.01395  3.09716  3.47082  
0.654196  0.236189  0.409091  0.999507  1.11158  1.78241  2.28186  2.50076  3.02709  3.06823  3.48819  
0.667003  0.227441  0.393939  0.990778  1.12308  1.78487  2.26236  2.51274  3.03825  3.04285  3.50764  
0.679811  0.218693  0.378788  0.982154  1.13499  1.78761  2.2429  2.5232  3.00791  3.06115  3.52854  
0.692618  0.209945  0.363636  0.973666  1.14732  1.79059  2.22349  2.53218  2.97765  3.08183  3.55049  
0.705426  0.201198  0.348485  0.965344  1.16003  1.79378  2.2041  2.5398  2.94779  3.10465  3.57322  
0.718234  0.19245  0.333333  0.957213  1.17311  1.79714  2.18473  2.54621  2.91857  3.12933  3.59654  
0.731041  0.183702  0.318182  0.949298  1.18655  1.80065  2.16539  2.55155  2.89015  3.1555  3.61374  
0.743849  0.174955  0.30303  0.941624  1.20031  1.80427  2.14607  2.556  2.86267  3.18271  3.61833  
0.756656  0.166207  0.287879  0.93421  1.21437  1.80796  2.12677  2.55971  2.83623  3.21045  3.62142  
0.769464  0.157459  0.272727  0.927076  1.2287  1.81169  2.10751  2.56281  2.81092  3.23805  3.62361  
0.782271  0.148711  0.257576  0.92024  1.24326  1.81543  2.08831  2.56544  2.78681  3.26471  3.62587  
0.795079  0.139964  0.242424  0.913719  1.25801  1.81914  2.06919  2.5677  2.76394  3.28946  3.62949  
0.807886  0.131216  0.227273  0.907527  1.2729  1.8228  2.05018  2.56968  2.74238  3.3112  3.63595  
0.820694  0.122468  0.212121  0.901677  1.28787  1.82638  2.03134  2.57146  2.72214  3.32889  3.6467  
0.833502  0.11372  0.19697  0.896183  1.30286  1.82984  2.01272  2.57308  2.70327  3.3418  3.66281  
0.846309  0.104973  0.181818  0.891055  1.31779  1.83316  1.9944  2.5746  2.68577  3.3498  3.68472  
0.859117  0.096225  0.166667  0.886303  1.33255  1.83631  1.97647  2.57603  2.66967  3.3534  3.71218  
0.871924  0.0874773  0.151515  0.881936  1.34704  1.83927  1.95905  2.57739  2.65498  3.35349  3.74449  
0.884732  0.0787295  0.136364  0.877962  1.36114  1.84202  1.94227  2.57868  2.64169  3.35107  3.78077  
0.897539  0.0699818  0.121212  0.874388  1.37467  1.84454  1.9263  2.57991  2.62982  3.34705  3.82019  
0.910347  0.0612341  0.106061  0.87122  1.38747  1.8468  1.91133  2.58105  2.61936  3.34219  3.86203  
0.923155  0.0524864  0.0909091  0.868465  1.39931  1.84879  1.89756  2.5821  2.61031  3.33707  3.90562  
0.935962  0.0437386  0.0757576  0.866126  1.40998  1.8505  1.88526  2.58303  2.60266  3.33213  3.95033  
0.94877  0.0349909  0.0606061  0.864207  1.41921  1.85192  1.87467  2.58383  2.59642  3.3277  3.99541  
0.961577  0.0262432  0.0454545  0.862711  1.42675  1.85303  1.86607  2.58447  2.59156  3.32403  4.0397  
0.974385  0.0174955  0.030303  0.861641  1.43235  1.85383  1.85971  2.58494  2.5881  3.32129  4.08101  
0.987192  0.00874773  0.0151515  0.860998  1.4358  1.85431  1.85579  2.58523  2.58602  3.3196  4.11419  
1  0  0  0.860784  1.43697  1.85447  1.85447  2.58533  2.58533  3.31903  4.12819  
