# dimension:  2
# structure:  kagome
# how many levels of k are coupled?  20
# how many lowest eigenvals are calcualted?  8
# loopOrRect:  L
# how many k-points are given in unit-length scale?  60
0  0  0  4.8055  5.16061  5.16061  6.32138  7.28579  7.28579  8.06422  8.16029  
0.0122008  0  0.0166667  4.80565  5.16027  5.1606  6.32204  7.2854  7.28619  8.06451  8.15039  
0.0244017  0  0.0333333  4.80611  5.15925  5.16058  6.32401  7.28422  7.28741  8.0648  8.12768  
0.0366025  0  0.05  4.80688  5.15756  5.16054  6.32728  7.28228  7.28943  8.06146  8.10382  
0.0488034  0  0.0666667  4.80795  5.15521  5.16049  6.33184  7.27957  7.29225  8.04412  8.09286  
0.0610042  0  0.0833333  4.80933  5.15223  5.16042  6.33765  7.27614  7.29588  8.0143  8.09477  
0.0732051  0  0.1  4.811  5.14865  5.16034  6.34468  7.27198  7.30031  7.98073  8.10149  
0.0854059  0  0.116667  4.81297  5.14448  5.16025  6.35289  7.26714  7.30553  7.94616  8.11062  
0.0976068  0  0.133333  4.81523  5.13978  5.16014  6.36225  7.26162  7.31155  7.91146  8.12148  
0.109808  0  0.15  4.81778  5.13458  5.16003  6.37268  7.25546  7.31835  7.87703  8.13379  
0.122008  0  0.166667  4.82061  5.12891  5.1599  6.38414  7.24868  7.32593  7.84312  8.14741  
0.134209  0  0.183333  4.82371  5.12283  5.15977  6.39656  7.24128  7.33428  7.80991  8.1535  
0.14641  0  0.2  4.82707  5.11638  5.15963  6.40988  7.23327  7.34339  7.77756  8.12848  
0.158611  0  0.216667  4.83069  5.1096  5.15949  6.42401  7.22466  7.35325  7.74623  8.10243  
0.170812  0  0.233333  4.83456  5.10255  5.15935  6.43888  7.21546  7.36386  7.71604  8.07567  
0.183013  0  0.25  4.83865  5.09527  5.1592  6.4544  7.20565  7.37518  7.68715  8.04846  
0.195214  0  0.266667  4.84295  5.08783  5.15905  6.47047  7.19525  7.38722  7.65967  8.02104  
0.207414  0  0.283333  4.84744  5.08026  5.15891  6.48698  7.18427  7.39995  7.63374  7.99357  
0.219615  0  0.3  4.8521  5.07262  5.15877  6.50381  7.17274  7.41334  7.60948  7.96621  
0.231816  0  0.316667  4.85689  5.06498  5.15863  6.52082  7.1607  7.42736  7.58699  7.9391  
0.244017  0  0.333333  4.86178  5.05741  5.1585  6.53785  7.14825  7.44197  7.56638  7.91234  
0.256218  0  0.35  4.86672  5.04996  5.15838  6.55471  7.13551  7.45712  7.54772  7.88606  
0.268419  0  0.366667  4.87166  5.04272  5.15826  6.57119  7.12266  7.47273  7.53104  7.86038  
0.28062  0  0.383333  4.87651  5.03579  5.15816  6.58704  7.10994  7.4887  7.51639  7.83546  
0.29282  0  0.4  4.88119  5.02928  5.15807  6.60195  7.09765  7.50377  7.50488  7.81146  
0.305021  0  0.416667  4.88557  5.02332  5.15799  6.61559  7.08615  7.49316  7.52101  7.78867  
0.317222  0  0.433333  4.88952  5.01806  5.15792  6.62756  7.07586  7.48454  7.53672  7.7675  
0.329423  0  0.45  4.89287  5.01367  5.15787  6.63748  7.0672  7.47788  7.55136  7.74859  
0.341624  0  0.466667  4.89545  5.01036  5.15783  6.64492  7.06063  7.47315  7.56387  7.73302  
0.353825  0  0.483333  4.89708  5.00828  5.15781  6.64955  7.05651  7.47032  7.57265  7.7224  
0.366025  0  0.5  4.89764  5.00758  5.1578  6.65112  7.0551  7.46938  7.57587  7.71856  
0.378456  0.0169809  0.5  4.89782  5.00735  5.15778  6.65183  7.05406  7.46903  7.57683  7.71928  
0.390887  0.0339618  0.5  4.89838  5.00667  5.15773  6.65396  7.05094  7.46799  7.57969  7.72142  
0.403318  0.0509426  0.5  4.89932  5.00554  5.15765  6.65749  7.04581  7.4663  7.58436  7.72493  
0.415749  0.0679235  0.5  4.90063  5.00396  5.15754  6.66241  7.0388  7.46406  7.59074  7.72974  
0.42818  0.0849044  0.5  4.9023  5.00195  5.15741  6.66871  7.03001  7.46136  7.59869  7.73576  
0.440611  0.101885  0.5  4.90435  4.99952  5.15726  6.67635  7.01961  7.45829  7.60805  7.74289  
0.453042  0.118866  0.5  4.90676  4.99667  5.15709  6.68532  7.00776  7.45499  7.61862  7.75104  
0.465472  0.135847  0.5  4.90953  4.99342  5.15693  6.69557  6.99459  7.45156  7.63024  7.76011  
0.477903  0.152828  0.5  4.91266  4.98979  5.15676  6.70708  6.98027  7.44811  7.64272  7.77  
0.490334  0.169809  0.5  4.91614  4.9858  5.1566  6.71978  6.96492  7.44474  7.65586  7.78064  
0.502765  0.18679  0.5  4.91997  4.98147  5.15645  6.73364  6.94868  7.44155  7.66945  7.79197  
0.515196  0.203771  0.5  4.92414  4.97683  5.15632  6.74861  6.93165  7.43863  7.68324  7.80391  
0.527627  0.220751  0.5  4.92864  4.97189  5.15621  6.76462  6.91392  7.43607  7.6969  7.81642  
0.540058  0.237732  0.5  4.93347  4.9667  5.15612  6.78161  6.8956  7.43393  7.70993  7.82946  
0.552489  0.254713  0.5  4.93861  4.96127  5.15605  6.79951  6.87675  7.43231  7.72152  7.84298  
0.564919  0.271694  0.5  4.94406  4.95563  5.15601  6.81826  6.85745  7.43129  7.73025  7.85697  
0.57735  0.288675  0.5  4.94981  4.94981  5.156  6.83777  6.83777  7.43093  7.73379  7.8714  
0.590158  0.279927  0.484848  4.94367  4.95604  5.15601  6.81714  6.85857  7.43134  7.72925  7.86148  
0.602965  0.27118  0.469697  4.93739  4.96255  5.15605  6.79623  6.87998  7.43263  7.71586  7.86166  
0.615773  0.262432  0.454545  4.93102  4.96934  5.15612  6.77509  6.90188  7.43491  7.69617  7.86935  
0.628581  0.253684  0.439394  4.92458  4.97639  5.15621  6.75377  6.92416  7.43828  7.67321  7.88153  
0.641388  0.244936  0.424242  4.91811  4.98369  5.15633  6.73233  6.94667  7.44284  7.64891  7.89623  
0.654196  0.236189  0.409091  4.91163  4.9912  5.15646  6.71082  6.96926  7.44871  7.6243  7.9124  
0.667003  0.227441  0.393939  4.90517  4.99892  5.15662  6.6893  6.99178  7.45602  7.59995  7.92945  
0.679811  0.218693  0.378788  4.89876  5.00682  5.15679  6.66781  7.01406  7.46491  7.57616  7.94705  
0.692618  0.209945  0.363636  4.89242  5.01488  5.15697  6.64642  7.03593  7.47549  7.55311  7.965  
0.705426  0.201198  0.348485  4.88617  5.02307  5.15717  6.62517  7.05722  7.4879  7.5309  7.98316  
0.718234  0.19245  0.333333  4.88004  5.03137  5.15737  6.60412  7.07777  7.50225  7.50961  8.00142  
0.731041  0.183702  0.318182  4.87405  5.03973  5.15758  6.58334  7.09744  7.48928  7.51862  8.01971  
0.743849  0.174955  0.30303  4.86822  5.04814  5.1578  6.56288  7.11611  7.46992  7.53709  8.03796  
0.756656  0.166207  0.287879  4.86257  5.05656  5.15802  6.5428  7.1337  7.45156  7.55767  8.05611  
0.769464  0.157459  0.272727  4.85711  5.06495  5.15823  6.52318  7.15017  7.43419  7.58034  8.07411  
0.782271  0.148711  0.257576  4.85186  5.07327  5.15845  6.50406  7.1655  7.41783  7.60505  8.0919  
0.795079  0.139964  0.242424  4.84683  5.08148  5.15867  6.48553  7.17971  7.40246  7.63169  8.10942  
0.807886  0.131216  0.227273  4.84205  5.08954  5.15887  6.46764  7.19284  7.38808  7.66014  8.12661  
0.820694  0.122468  0.212121  4.83751  5.09741  5.15908  6.45047  7.20494  7.37468  7.69026  8.14341  
0.833502  0.11372  0.19697  4.83325  5.10503  5.15927  6.43408  7.21608  7.36226  7.72188  8.15973  
0.846309  0.104973  0.181818  4.82925  5.11236  5.15945  6.41854  7.2263  7.35081  7.75483  8.1755  
0.859117  0.096225  0.166667  4.82554  5.11935  5.15963  6.40393  7.23566  7.34031  7.78895  8.17042  
0.871924  0.0874773  0.151515  4.82213  5.12595  5.15979  6.39031  7.2442  7.33076  7.82404  8.15443  
0.884732  0.0787295  0.136364  4.81902  5.13211  5.15994  6.37774  7.25194  7.32216  7.85994  8.13961  
0.897539  0.0699818  0.121212  4.81621  5.13778  5.16008  6.3663  7.25891  7.31448  7.89641  8.12613  
0.910347  0.0612341  0.106061  4.81372  5.14291  5.1602  6.35604  7.26509  7.30772  7.93321  8.11416  
0.923155  0.0524864  0.0909091  4.81156  5.14747  5.16031  6.34701  7.2705  7.30188  7.96995  8.10396  
0.935962  0.0437386  0.0757576  4.80971  5.1514  5.1604  6.33928  7.27512  7.29695  8.00587  8.09611  
0.94877  0.0349909  0.0606061  4.8082  5.15467  5.16047  6.33289  7.27893  7.29293  8.0387  8.09254  
0.961577  0.0262432  0.0454545  4.80702  5.15725  5.16053  6.32788  7.28192  7.2898  8.06001  8.10102  
0.974385  0.0174955  0.030303  4.80618  5.15911  5.16057  6.32427  7.28406  7.28757  8.06474  8.12515  
0.987192  0.00874773  0.0151515  4.80567  5.16023  5.1606  6.3221  7.28536  7.28624  8.06454  8.14947  
1  0  0  4.8055  5.16061  5.16061  6.32138  7.28579  7.28579  8.06422  8.16029  
